
Round: 0
00000000
00000000
00000000
00000000
00000000
00000000
00000000
00000000

Valid moves for 1:
3, 3
3, 4
4, 3
4, 4

Player 1: 3, 3

After move by Player 1
00000000
00000000
00000000
00000000
00010000
00000000
00000000
00000000


Round: 1
00000000
00000000
00000000
00000000
00010000
00000000
00000000
00000000

Valid moves for 2:
3, 4
4, 3
4, 4

Player 2: 3, 4

After move by Player 2
00000000
00000000
00000000
00000000
00012000
00000000
00000000
00000000


Round: 2
00000000
00000000
00000000
00000000
00012000
00000000
00000000
00000000

Valid moves for 1:
4, 3
4, 4

Player 1: 4, 3

After move by Player 1
00000000
00000000
00000000
00010000
00012000
00000000
00000000
00000000


Round: 3
00000000
00000000
00000000
00010000
00012000
00000000
00000000
00000000

Valid moves for 2:
4, 4

Player 2: 4, 4

After move by Player 2
00000000
00000000
00000000
00012000
00012000
00000000
00000000
00000000


Round: 4
00000000
00000000
00000000
00012000
00012000
00000000
00000000
00000000

Valid moves for 1:
2, 5
3, 5
4, 5
5, 5

Player 1: 2, 5

After move by Player 1
00000000
00000000
00000000
00012000
00011000
00000100
00000000
00000000


Round: 5
00000000
00000000
00000000
00012000
00011000
00000100
00000000
00000000

Valid moves for 2:
2, 2
2, 4
4, 2

Player 2: 2, 2

After move by Player 2
00000000
00000000
00000000
00012000
00021000
00200100
00000000
00000000


Round: 6
00000000
00000000
00000000
00012000
00021000
00200100
00000000
00000000

Valid moves for 1:
2, 3
3, 2
4, 5
5, 4

Player 1: 2, 3

After move by Player 1
00000000
00000000
00000000
00012000
00011000
00210100
00000000
00000000


Round: 7
00000000
00000000
00000000
00012000
00011000
00210100
00000000
00000000

Valid moves for 2:
2, 4
4, 2

Player 2: 2, 4

After move by Player 2
00000000
00000000
00000000
00012000
00012000
00222100
00000000
00000000


Round: 8
00000000
00000000
00000000
00012000
00012000
00222100
00000000
00000000

Valid moves for 1:
1, 1
1, 3
1, 5
2, 1
3, 5
4, 5
5, 5

Player 1: 1, 3

After move by Player 1
00000000
00000000
00000000
00012000
00012000
00212100
00010000
00000000


Round: 9
00000000
00000000
00000000
00012000
00012000
00212100
00010000
00000000

Valid moves for 2:
0, 2
0, 4
1, 2
1, 6
2, 6
3, 2
4, 2
5, 2

Player 2: 1, 6

After move by Player 2
00000000
00000000
00000000
00012000
00012000
00212200
00010020
00000000


Round: 10
00000000
00000000
00000000
00012000
00012000
00212200
00010020
00000000

Valid moves for 1:
0, 7
1, 1
1, 5
2, 1
2, 6
3, 1
3, 5
4, 5
5, 5

Player 1: 1, 1

After move by Player 1
00000000
00000000
00000000
00012000
00012000
00112200
01010020
00000000


Round: 11
00000000
00000000
00000000
00012000
00012000
00112200
01010020
00000000

Valid moves for 2:
0, 0
0, 2
1, 2
2, 1
3, 2
4, 2
5, 2

Player 2: 5, 2

After move by Player 2
00000000
00000000
00200000
00022000
00012000
00112200
01010020
00000000


Round: 12
00000000
00000000
00200000
00022000
00012000
00112200
01010020
00000000

Valid moves for 1:
1, 5
2, 6
3, 5
4, 5
5, 3
5, 5

Player 1: 5, 3

After move by Player 1
00000000
00000000
00210000
00012000
00012000
00112200
01010020
00000000


Round: 13
00000000
00000000
00210000
00012000
00012000
00112200
01010020
00000000

Valid moves for 2:
0, 0
0, 2
1, 2
2, 1
3, 2
4, 2
5, 4
6, 2

Player 2: 5, 4

After move by Player 2
00000000
00000000
00222000
00012000
00012000
00112200
01010020
00000000


Round: 14
00000000
00000000
00222000
00012000
00012000
00112200
01010020
00000000

Valid moves for 1:
0, 7
1, 5
2, 6
3, 5
4, 5
5, 5
6, 1
6, 3
6, 5

Player 1: 6, 3

After move by Player 1
00000000
00010000
00212000
00012000
00012000
00112200
01010020
00000000


Round: 15
00000000
00010000
00212000
00012000
00012000
00112200
01010020
00000000

Valid moves for 2:
0, 0
0, 2
1, 2
2, 1
3, 2
4, 2
6, 2
7, 2
7, 4

Player 2: 0, 2

After move by Player 2
00000000
00010000
00212000
00012000
00012000
00112200
01020020
00200000


Round: 16
00000000
00010000
00212000
00012000
00012000
00112200
01020020
00200000

Valid moves for 1:
0, 3
0, 4
0, 7
1, 5
2, 6
3, 5
4, 1
4, 5
5, 1
5, 5
6, 1
6, 5

Player 1: 1, 5

After move by Player 1
00000000
00010000
00212000
00012000
00012000
00111200
01020120
00200000


Round: 17
00000000
00010000
00212000
00012000
00012000
00111200
01020120
00200000

Valid moves for 2:
0, 0
0, 5
1, 2
1, 4
2, 0
2, 1
3, 1
3, 2
3, 5
4, 2
6, 2
7, 2
7, 3
7, 4

Player 2: 3, 1

After move by Player 2
00000000
00010000
00212000
00012000
02012000
00211200
01020120
00200000


Round: 18
00000000
00010000
00212000
00012000
02012000
00211200
01020120
00200000

Valid moves for 1:
0, 3
0, 7
1, 7
2, 1
2, 6
3, 5
4, 1
4, 5
5, 1
5, 5
6, 1
6, 4
6, 5

Player 1: 2, 1

After move by Player 1
00000000
00010000
00212000
00012000
02012000
01111200
01020120
00200000


Round: 19
00000000
00010000
00212000
00012000
02012000
01111200
01020120
00200000

Valid moves for 2:
0, 0
0, 1
0, 5
1, 2
1, 4
2, 0
3, 2
3, 5
4, 2
6, 2
7, 2
7, 3
7, 4

Player 2: 7, 2

After move by Player 2
00200000
00020000
00212000
00012000
02012000
01111200
01020120
00200000


Round: 20
00200000
00020000
00212000
00012000
02012000
01111200
01020120
00200000

Valid moves for 1:
0, 3
0, 4
0, 7
1, 7
2, 6
3, 5
4, 0
4, 1
4, 5
5, 1
5, 5
6, 1
6, 4
6, 5
7, 3

Player 1: 6, 1

After move by Player 1
00200000
01020000
00112000
00012000
02012000
01111200
01020120
00200000


Round: 21
00200000
01020000
00112000
00012000
02012000
01111200
01020120
00200000

Valid moves for 2:
0, 0
0, 1
0, 5
1, 2
1, 4
2, 0
3, 2
3, 5
4, 1
4, 2
5, 0
5, 1
6, 2
7, 0

Player 2: 0, 1

After move by Player 2
00200000
01020000
00112000
00012000
02012000
02111200
02020120
02200000


Round: 22
00200000
01020000
00112000
00012000
02012000
02111200
02020120
02200000

Valid moves for 1:
0, 0
0, 3
0, 4
0, 7
1, 7
2, 0
2, 6
3, 5
4, 0
4, 5
5, 5
6, 4
6, 5
7, 3
7, 4

Player 1: 2, 6

After move by Player 1
00200000
01020000
00112000
00012000
02012000
02111110
02020120
02200000


Round: 23
00200000
01020000
00112000
00012000
02012000
02111110
02020120
02200000

Valid moves for 2:
1, 2
1, 4
2, 7
3, 2
3, 5
3, 6
4, 1
4, 2
5, 0
5, 1
6, 2
7, 0

Player 2: 3, 2

After move by Player 2
00200000
01020000
00112000
00022000
02222000
02111110
02020120
02200000


Round: 24
00200000
01020000
00112000
00022000
02222000
02111110
02020120
02200000

Valid moves for 1:
0, 0
0, 3
0, 4
0, 6
0, 7
1, 7
2, 0
3, 5
4, 0
4, 1
4, 2
4, 5
5, 5
6, 4
7, 3
7, 4

Player 1: 4, 5

After move by Player 1
00200000
01020000
00112000
00022100
02221000
02111110
02020120
02200000


Round: 25
00200000
01020000
00112000
00022100
02221000
02111110
02020120
02200000

Valid moves for 2:
0, 6
1, 2
1, 4
2, 7
3, 5
3, 6
4, 1
4, 6
5, 0
5, 1
6, 2
7, 0

Player 2: 1, 4

After move by Player 2
00200000
01020000
00112000
00022100
02222000
02122110
02022220
02200000


Round: 26
00200000
01020000
00112000
00022100
02222000
02122110
02022220
02200000

Valid moves for 1:
0, 0
0, 3
0, 4
0, 5
0, 6
0, 7
1, 2
2, 0
3, 5
4, 0
4, 2
5, 5
7, 3
7, 4

Player 1: 0, 3

After move by Player 1
00200000
01020000
00112000
00012100
02212000
02112110
02011220
02210000


Round: 27
00200000
01020000
00112000
00012100
02212000
02112110
02011220
02210000

Valid moves for 2:
0, 4
0, 5
1, 2
2, 7
3, 5
3, 6
3, 7
4, 1
4, 2
4, 6
5, 0
5, 1
5, 6
6, 2
7, 0

Player 2: 3, 6

After move by Player 2
00200000
01020000
00112000
00012200
02212020
02112120
02011220
02210000


Round: 28
00200000
01020000
00112000
00012200
02212020
02112120
02011220
02210000

Valid moves for 1:
0, 0
0, 5
0, 6
0, 7
1, 0
1, 7
2, 0
2, 7
3, 0
3, 5
4, 0
4, 1
4, 2
4, 6
4, 7
5, 5
5, 6
6, 4
6, 5
7, 3
7, 4

Player 1: 0, 7

After move by Player 1
00200000
01020000
00112000
00012200
02212020
02112120
02011210
02210001


Round: 29
00200000
01020000
00112000
00012200
02212020
02112120
02011210
02210001

Valid moves for 2:
0, 4
0, 5
0, 6
1, 2
1, 7
3, 5
4, 1
4, 2
5, 0
5, 1
6, 2
7, 0

Player 2: 4, 1

After move by Player 2
00200000
01020000
00212000
02012200
02212020
02112120
02011210
02210001


Round: 30
00200000
01020000
00212000
02012200
02212020
02112120
02011210
02210001

Valid moves for 1:
0, 0
0, 5
0, 6
1, 0
2, 0
2, 7
3, 0
3, 5
4, 0
4, 2
4, 6
4, 7
5, 0
5, 1
5, 5
5, 6
6, 4
6, 5
7, 3

Player 1: 4, 6

After move by Player 1
00200000
01020000
00212000
02011110
02212010
02112110
02011210
02210001


Round: 31
00200000
01020000
00212000
02011110
02212010
02112110
02011210
02210001

Valid moves for 2:
0, 4
0, 5
1, 2
1, 7
2, 7
3, 5
3, 7
4, 2
5, 0
5, 5
5, 6
7, 0

Player 2: 1, 7

After move by Player 2
00200000
01020000
00212000
02011110
02212010
02112110
02011222
02210001


Round: 32
00200000
01020000
00212000
02011110
02212010
02112110
02011222
02210001

Valid moves for 1:
0, 0
0, 4
0, 5
0, 6
1, 0
2, 0
2, 7
3, 0
3, 5
4, 0
4, 2
5, 0
5, 1
5, 5
6, 4
6, 5
7, 3

Player 1: 4, 0

After move by Player 1
00200000
01020000
00212000
12011110
01212010
02112110
02011222
02210001


Round: 33
00200000
01020000
00212000
12011110
01212010
02112110
02011222
02210001

Valid moves for 2:
0, 4
0, 5
1, 2
2, 7
3, 0
3, 5
3, 7
4, 2
5, 0
5, 5
5, 6
7, 0

Player 2: 5, 0

After move by Player 2
00200000
02020000
20212000
12011110
01212010
02112110
02011222
02210001


Round: 34
00200000
02020000
20212000
12011110
01212010
02112110
02011222
02210001

Valid moves for 1:
0, 0
0, 4
0, 5
0, 6
1, 0
2, 0
2, 7
3, 5
4, 2
5, 1
5, 5
6, 0
6, 4
6, 5
7, 0
7, 3

Player 1: 6, 4

After move by Player 1
00200000
02021000
20211000
12011110
01212010
02112110
02011222
02210001


Round: 35
00200000
02021000
20211000
12011110
01212010
02112110
02011222
02210001

Valid moves for 2:
0, 4
0, 5
1, 2
2, 7
3, 0
3, 5
3, 7
4, 2
5, 5
5, 6
6, 5
7, 4

Player 2: 6, 5

After move by Player 2
00200000
02022200
20212000
12021110
01212010
02112110
02011222
02210001


Round: 36
00200000
02022200
20212000
12021110
01212010
02112110
02011222
02210001

Valid moves for 1:
0, 0
0, 4
0, 5
0, 6
2, 0
2, 7
3, 5
4, 2
5, 1
5, 5
6, 0
7, 0
7, 3
7, 4
7, 5

Player 1: 2, 0

After move by Player 1
00200000
02022200
20212000
12021110
01212010
11112110
02011222
02210001


Round: 37
00200000
02022200
20212000
12021110
01212010
11112110
02011222
02210001

Valid moves for 2:
0, 4
0, 5
1, 0
1, 2
2, 7
3, 0
3, 5
3, 7
4, 2
4, 7
5, 5
5, 6

Player 2: 5, 6

After move by Player 2
00200000
02022200
20212020
12021220
01212020
11112120
02011222
02210001


Round: 38
00200000
02022200
20212020
12021220
01212020
11112120
02011222
02210001

Valid moves for 1:
0, 0
0, 5
0, 6
2, 7
3, 5
4, 2
4, 7
5, 1
5, 5
6, 0
6, 7
7, 0
7, 3
7, 4
7, 5
7, 6

Player 1: 4, 7

After move by Player 1
00200000
02022200
20212020
12021111
01212010
11112120
02011222
02210001


Round: 39
00200000
02022200
20212020
12021111
01212010
11112120
02011222
02210001

Valid moves for 2:
0, 4
0, 5
1, 0
1, 2
2, 7
3, 0
3, 5
4, 2
5, 5

Player 2: 0, 5

After move by Player 2
00200000
02022200
20212020
12021111
01212010
11122120
02012222
02210201


Round: 40
00200000
02022200
20212020
12021111
01212010
11122120
02012222
02210201

Valid moves for 1:
0, 0
0, 4
0, 6
1, 2
2, 7
3, 5
4, 2
5, 1
5, 5
6, 0
6, 6
6, 7
7, 0
7, 3
7, 4
7, 5
7, 6

Player 1: 7, 4

After move by Player 1
00201000
02021100
20211010
12021111
01212010
11122120
02012222
02210201


Round: 41
00201000
02021100
20211010
12021111
01212010
11122120
02012222
02210201

Valid moves for 2:
0, 4
1, 0
1, 2
2, 7
3, 0
3, 5
4, 2
5, 5
6, 6
6, 7
7, 6

Player 2: 3, 5

After move by Player 2
00201000
02021100
20211010
12021111
01212210
11122220
02012222
02210201


Round: 42
00201000
02021100
20211010
12021111
01212210
11122220
02012222
02210201

Valid moves for 1:
0, 0
0, 4
0, 6
1, 2
2, 7
3, 0
4, 2
5, 1
6, 0
6, 2
7, 0
7, 3

Player 1: 5, 1

After move by Player 1
00201000
02021100
21111010
11021111
01212210
11122220
02012222
02210201


Round: 43
00201000
02021100
21111010
11021111
01212210
11122220
02012222
02210201

Valid moves for 2:
0, 4
1, 0
1, 2
2, 7
3, 0
3, 7
4, 2
5, 5
5, 7
6, 2
6, 6
6, 7
7, 6

Player 2: 7, 6

After move by Player 2
00201020
02021200
21112010
11021111
01212210
11122220
02012222
02210201


Round: 44
00201020
02021200
21112010
11021111
01212210
11122220
02012222
02210201

Valid moves for 1:
0, 0
0, 4
0, 6
1, 2
2, 7
4, 2
5, 5
6, 0
6, 2
6, 6
7, 0
7, 1
7, 3

Player 1: 5, 5

After move by Player 1
00201020
02021200
21111110
11021111
01212210
11122220
02012222
02210201


Round: 45
00201020
02021200
21111110
11021111
01212210
11122220
02012222
02210201

Valid moves for 2:
0, 4
1, 0
1, 2
2, 7
3, 0
3, 7
4, 2
5, 7
6, 2
6, 6
6, 7

Player 2: 6, 7

After move by Player 2
00201020
02021202
21111120
11021211
01212210
11122220
02012222
02210201


Round: 46
00201020
02021202
21111120
11021211
01212210
11122220
02012222
02210201

Valid moves for 1:
0, 0
0, 4
0, 6
2, 7
4, 2
5, 7
6, 0
6, 2
6, 6
7, 0
7, 1
7, 3
7, 5

Player 1: 4, 2

After move by Player 1
00201020
02021202
21111120
11111211
01112210
11122220
02012222
02210201


Round: 47
00201020
02021202
21111120
11111211
01112210
11122220
02012222
02210201

Valid moves for 2:
0, 4
1, 0
1, 2
2, 7
3, 0
3, 7
5, 7
6, 0
6, 2
6, 6

Player 2: 3, 7

After move by Player 2
00201020
02021202
21111120
11111211
01112222
11122220
02012222
02210201


Round: 48
00201020
02021202
21111120
11111211
01112222
11122220
02012222
02210201

Valid moves for 1:
0, 0
0, 4
0, 6
2, 7
5, 7
6, 0
6, 2
6, 6
7, 0
7, 1
7, 3
7, 5

Player 1: 6, 6

After move by Player 1
00201020
02021112
21111110
11111211
01112222
11122220
02012222
02210201


Round: 49
00201020
02021112
21111110
11111211
01112222
11122220
02012222
02210201

Valid moves for 2:
0, 4
1, 0
1, 2
3, 0
5, 7
6, 0
6, 2
7, 3
7, 5
7, 7

Player 2: 0, 4

After move by Player 2
00201020
02021112
21111110
11111211
01112222
11122220
02012222
02222201


Round: 50
00201020
02021112
21111110
11111211
01112222
11122220
02012222
02222201

Valid moves for 1:
0, 0
0, 6
1, 2
2, 7
6, 0
6, 2
7, 0
7, 1
7, 3

Player 1: 1, 2

After move by Player 1
00201020
02021112
21111110
11111111
01111222
11112220
02112222
02222201


Round: 51
00201020
02021112
21111110
11111111
01111222
11112220
02112222
02222201

Valid moves for 2:
1, 0
3, 0
5, 7
6, 0
6, 2
7, 3
7, 5
7, 7

Player 2: 1, 0

After move by Player 2
00201020
02021212
21112110
11121111
01211222
12112220
22112222
02222201


Round: 52
00201020
02021212
21112110
11121111
01211222
12112220
22112222
02222201

Valid moves for 1:
0, 0
0, 6
2, 7
3, 0
6, 0
6, 2
7, 0
7, 1
7, 3
7, 5

Player 1: 7, 3

After move by Player 1
00211020
02011212
21112110
11121111
01211222
12112220
22112222
02222201


Round: 53
00211020
02011212
21112110
11121111
01211222
12112220
22112222
02222201

Valid moves for 2:
3, 0
5, 7
6, 0
6, 2
7, 5
7, 7

Player 2: 6, 0

After move by Player 2
00211020
22011212
22112110
11221111
01221222
12112220
22112222
02222201


Round: 54
00211020
22011212
22112110
11221111
01221222
12112220
22112222
02222201

Valid moves for 1:
0, 0
0, 6
2, 7
3, 0
6, 2
7, 0
7, 1
7, 5

Player 1: 7, 5

After move by Player 1
00211120
22011112
22112110
11221111
01221222
12112220
22112222
02222201


Round: 55
00211120
22011112
22112110
11221111
01221222
12112220
22112222
02222201

Valid moves for 2:
3, 0
5, 7
6, 2
7, 7

Player 2: 7, 7

After move by Player 2
00211122
22011122
22112210
11222111
01221222
12112220
22112222
02222201


Round: 56
00211122
22011122
22112210
11222111
01221222
12112220
22112222
02222201

Valid moves for 1:
0, 0
0, 6
2, 7
3, 0
5, 7
6, 2
7, 0
7, 1

Player 1: 3, 0

After move by Player 1
00211122
22011122
22112210
11222111
11221222
11112220
22112222
02222201


Round: 57
00211122
22011122
22112210
11222111
11221222
11112220
22112222
02222201

Valid moves for 2:
5, 7
6, 2

Player 2: 6, 2

After move by Player 2
00211122
22222222
22222210
11222111
11221222
11112220
22112222
02222201


Round: 58
00211122
22222222
22222210
11222111
11221222
11112220
22112222
02222201

Valid moves for 1:
0, 0
0, 6
2, 7
5, 7
7, 0
7, 1

Player 1: 7, 1

After move by Player 1
01111122
21222222
21222210
11222111
11221222
11112220
22112222
02222201


Round: 59
01111122
21222222
21222210
11222111
11221222
11112220
22112222
02222201

Valid moves for 2:
5, 7
7, 0

Player 2: 7, 0

After move by Player 2
22222222
22222222
21222210
11222111
11221222
11112220
22112222
02222201


Round: 60
22222222
22222222
21222210
11222111
11221222
11112220
22112222
02222201

Valid moves for 1:
0, 0
0, 6
2, 7

Player 1: 0, 6

After move by Player 1
22222222
22222222
21222210
11122111
11211212
11111210
22112112
02222211


Round: 61
22222222
22222222
21222210
11122111
11211212
11111210
22112112
02222211

Valid moves for 2:
2, 7
5, 7

Player 2: 2, 7

After move by Player 2
22222222
22222222
21222210
11122211
11211222
11111222
22112122
02222211


Round: 62
22222222
22222222
21222210
11122211
11211222
11111222
22112122
02222211

Valid moves for 1:
0, 0

Player 1: 0, 0

After move by Player 1
22222222
22222222
21222210
11122211
11211222
11111222
11112122
11111111


Round: 63
22222222
22222222
21222210
11122211
11211222
11111222
11112122
11111111

Valid moves for 2:
5, 7

Player 2: 5, 7

After move by Player 2
22222222
22222222
21222222
11122222
11211222
11111222
11112122
11111111


Round: 64
22222222
22222222
21222222
11122222
11211222
11111222
11112122
11111111

Valid moves for 1:

Player 1 can't move

Round: 64
22222222
22222222
21222222
11122222
11211222
11111222
11112122
11111111

Valid moves for 2:

Player 2 can't move

Black: 26
White: 38

